[cosmological_parameters]
omch2 = 0.051   0.0773293   0.255
ombh2 = 0.019   0.0218109   0.026
h0 = 0.64   0.672273   0.82
n_s = 0.84   0.843173   1.1
log1e10as = 1.7   3.90546   5.0
omnuh2 = 0.0006441915396177796
w = -1.0
omega_k = 0.0
wa = 0.0

[halo_model_parameters]
a = 2.0   2.45954   3.13

[intrinsic_alignment_parameters]
a = -6.0   0.815344   6.0
alpha = -5. 0. 5.
z0 = 0.62

[nofz_shifts]
uncorr_bias_1 = -5.0   0.129607   5.0
uncorr_bias_2 = -5.0   0.76278   5.0
uncorr_bias_3 = -5.0   -1.82026   5.0
uncorr_bias_4 = -5.0   -1.39071   5.0
uncorr_bias_5 = -5.0   1.34112   5.0

[c_systematic]
c0 = -1.2e-3   5.69658e-06   1.2e-3
