[cosmological_parameters]
omega_m = 0.05      0.295         0.95
h0 = 0.55      0.6881        0.9
omega_b = 0.03     0.0468        0.07
n_s = 0.84      0.9676        1.1
log10_1e9as  = -1.5      0.121          2.0
omnuh2 = 0.0006   0.0006155     0.01
w = -1.0
massive_nu = 3
massless_nu = 0.046
omega_k = 0.0
tau = 0.08
wa = 0.0


[intrinsic_alignment_parameters]
a = -6.0   0.815344   6.0
alpha = -5. 0. 5.
z0 = 0.62

[nofz_shifts]
uncorr_bias_1 = -5.0   0.129607   5.0
uncorr_bias_2 = -5.0   0.76278   5.0
uncorr_bias_3 = -5.0   -1.82026   5.0
uncorr_bias_4 = -5.0   -1.39071   5.0
uncorr_bias_5 = -5.0   1.34112   5.0

[c_systematic]
c0 = -1.2e-3   5.69658e-06   1.2e-3
