[cosmological_parameters]
omega_m      =  0.05      0.295         0.95
h0           =  0.55      0.6881        0.9
omega_b      =  0.03     0.0468        0.07
n_s          =  0.84      0.9676        1.1
log10_1e9as  = -1.5 0.121 2.0
omnuh2       =  0.0006   0.0006155     0.01
w            = -1.0
massive_nu   =  3
massless_nu  =  0.046
omega_k      =  0.0
tau          =  0.08
wa           =  0.0

[shear_calibration_parameters_des]
m1 = -0.1 0.012 0.1
m2 = -0.1 0.012 0.1
m3 = -0.1 0.012 0.1
m4 = -0.1 0.012 0.1

[intrinsic_alignment_parameters]
A = -6. 0.0 6.0
alpha = -5. 0. 5.
z0 = 0.62

[wl_photoz_errors_des]
bias_1 = -0.1   0.002  0.1
bias_2 = -0.1  -0.015  0.1
bias_3 = -0.1   0.007  0.1
bias_4 = -0.1  -0.018  0.1

[c_systematic]
c0 = -1.2e-3   5.69658e-06   1.2e-3

[nofz_shifts]
uncorr_bias_1 = -5.0   0.129607   5.0
uncorr_bias_2 = -5.0   0.76278   5.0
uncorr_bias_3 = -5.0   -1.82026   5.0
uncorr_bias_4 = -5.0   -1.39071   5.0
uncorr_bias_5 = -5.0   1.34112   5.0
